f1 = 0.9090909090909091
loss = 0.1357564511781088
precision = 0.8987485779294653
recall = 0.919674039580908
