f1 = 0.9059633027522936
loss = 0.12357045157818168
precision = 0.8936651583710408
recall = 0.9186046511627907
