f1 = 0.9084628670120899
loss = 0.1521678135841578
precision = 0.8986332574031891
recall = 0.9185098952270081
