f1 = 0.9124212936462507
loss = 0.1164354417576232
precision = 0.8985343855693348
recall = 0.9267441860465117
