f1 = 0.8828932261768082
loss = 0.13370743181633682
precision = 0.8718820861678005
recall = 0.8941860465116279
